0 0
16777217 0
184549394 1
150994974 1
167772200 1
184549815 1
184549427 1
167772611 1
167772223 1
184549450 1
184549838 1
167772246 1
184549473 1
184549485 1
201326713 1
117440646 1
167772302 1
184550110 1
184549529 1
167772325 1
251658416 1
184549568 1
184549580 1
150995160 1
167772386 1
201326829 1
134217978 1
150995203 1
184550421 1
218104865 1
184550519 1
218103812 1
100664466 1
150996121 1
134217997 1
167773347 1
218104086 1
150996364 1
134218020 1
150995245 1
184549687 1
134218051 1
134218077 1
134218086 1
184549803 1
117441848 1
83887244 1
167772643 1
134218202 1
150995869 1
150995468 1
83886472 1
150995715 1
184549910 1
184549933 1
167772766 1
150995603 1
150996142 1
117441828 1
150995613 1
150995593 1
218104500 1
117441766 1
134218407 1
67109416 1
83886501 1
150996410 1
67109691 1
184550122 1
117441359 1
117441647 1
50332336 1
268436258 1
134218521 1
50332525 1
100664128 1
134218609 1
67109622 1
134218663 1
167773104 1
167772654 1
184550660 1
67109272 1
184550082 1
167772878 1
134218596 1
218104787 1
117441367 1
251659249 1
100664367 1
167773264 1
100664298 1
67109383 1
134218883 1
167772527 1
184549970 1
150995979 1
201327547 1
150995969 1
167773128 1
184549945 1
117441720 1
184550700 1
134218973 1
134218964 1
167773433 1
117441351 1
167773422 1
150996059 1
218104425 1
150995575 1
150996240 1
150995859 1
201327494 1
150996250 1
150996069 1
117441098 1
83886867 1
184550592 1
218104186 1
67110208 1
100664374 1
117441608 1
184550266 1
134219077 1
268436975 1
251659716 1
134219086 1
150996334 1
100664679 1
117441879 1
117441887 1
83886626 1
150995342 1
167773569 1
134219128 1
117441275 1
67109445 1
50331648 1
100663801 1
100663808 1
117441153 1
83886861 1
167773245 1
134219167 1
134219158 1
67109593 1
134218721 1
184550824 1
117441331 1
117440925 1
117441740 1
67109727 1
218105313 1
201328084 1
268435788 1
83887540 1
50331648 2
50331652 2
50331656 2
33554444 2
67108879 2
50331668 2
16777216 3
33554432 4
33554435 4
33554438 4
33554441 4
67108876 4
67108881 4
67108886 4
67108891 4
67108896 4
117440549 4
134217773 4
134217782 4
150995007 4
150995017 4
117440595 4
50331739 4
67108959 4
167772260 4
167772271 4
167772282 4
167772293 4
167772304 4
167772315 4
167772326 4
167772337 4
167772348 4
134217927 4
150995152 4
150995162 4
150995172 4
150995182 4
134217976 4
117440769 4
134217993 4
150995218 4
150995228 4
150995238 4
150995248 4
83886394 4
83886400 4
67109190 4
50331979 4
117440847 4
134218071 4
134218080 4
134218089 4
67109234 4
83886455 4
83886461 4
83886467 4
83886473 4
83886479 4
150995349 4
167772575 4
167772586 4
201327029 4
167772610 4
167772621 4
167772632 4
83886563 4
117441001 4
117441009 4
117441017 4
67109377 4
167772678 4
167772689 4
201327132 4
167772713 4
167772724 4
167772735 4
167772746 4
150995541 4
150995551 4
134218345 4
150995570 4
150995580 4
150995590 4
50332304 4
67109524 4
117441177 4
67109537 4
83886758 4
83886764 4
83886770 4
134218424 4
167772865 4
150995660 4
150995670 4
83886816 4
67109606 4
83886827 4
83886833 4
83886839 4
83886845 4
33555203 4
33555206 4
33555209 4
33555212 4
33555215 4
83886866 4
33555224 4
50332443 4
67108864 5
33554437 5
33554440 5
50331659 5
50331663 5
67108883 5
67108888 5
67108893 5
50331682 5
67108902 5
117440555 5
83886131 5
50331705 5
67108925 5
16777216 6
50331648 7
100663300 7
50331659 7
83886095 7
83886101 7
50331675 7
83886111 7
33554469 7
100663336 7
67108911 7
100663348 7
83886139 7
117440577 7
83886153 7
67108943 7
67108948 7
100663385 7
67108960 7
100663397 7
50331756 7
83886192 7
83886198 7
50331772 7
67108992 7
83886213 7
83886219 7
150995089 7
150995099 7
150995109 7
117440687 7
83886263 7
184549565 7
201326793 7
134217942 7
117440735 7
50331879 7
83886315 7
67109105 7
134217974 7
100663551 7
67109126 7
67109131 7
50331920 7
83886356 7
67109146 7
100663583 7
50331942 7
150995242 7
100663604 7
33554747 7
100663614 7
83886405 7
67109195 7
117440848 7
67109208 7
117440861 7
117440869 7
134218093 7
100663670 7
83886461 7
83886467 7
83886473 7
83886479 7
100663701 7
67109276 7
100663713 7
50332072 7
117440940 7
50332084 7
83886520 7
117440958 7
67109318 7
134218187 7
117440980 7
117440988 7
67109348 7
83886569 7
16777216 8
16777218 8
16777220 8
16777222 8
16777224 8
16777226 8
16777228 8
16777230 8
16777232 8
16777216 9
67108864 10
83886085 10
50331659 10
67108879 10
83886100 10
67108890 10
83886111 10
67108901 10
117440554 10
117440562 10
117440570 10
134217794 10
100663371 10
134217810 10
117440603 10
83886080 12
50331654 12
83886090 12
67108880 12
83886101 12
83886107 12
134217761 12
67108906 12
50331695 12
67108915 12
100663352 12
134217791 12
100663368 12
83886159 12
50331733 12
50331737 12
83886173 12
67108963 12
67108968 12
83886189 12
50331763 12
100663415 12
100663422 12
50331781 12
67109001 12
83886222 12
67109012 12
50331801 12
83886237 12
100663459 12
100663466 12
50331825 12
67109045 12
83886266 12
50331840 12
50331844 12
83886280 12
100663502 12
83886293 12
100663515 12
67109090 12
67109095 12
67109100 12
83886321 12
50331895 12
150995195 12
100663557 12
50331916 12
117440784 12
67109144 12
67109149 12
83886370 12
100663592 12
134217738 13
150994944 13
50331648 14
50331652 14
67108872 14
134217741 14
201326614 14
134217763 14
67108908 14
83886129 14
83886135 14
117440520 15
134217757 15
100663352 15
117440583 15
134217838 15
117440687 15
100663500 15
134217939 15
117440815 15
134218039 15
117440832 15
117440512 15
100663312 15
83886103 15
134217766 15
134217775 15
117440575 15
184549455 15
134217819 15
150995044 15
150995063 15
134217870 15
201326721 15
117440663 15
117440671 15
117440679 15
67109301 15
134217911 15
184549568 15
67109296 15
100663516 15
150995171 15
33554861 15
117440749 15
134217973 15
184549630 15
201326858 15
150995223 15
218104097 15
33554874 15
134218056 15
167772497 15
134218076 15
167772517 15
234881392 15
117440895 15
83886471 15
50332070 15
33554858 15
117440909 15
117440917 15
134218141 15
134218183 15
150995389 15
16777216 16
100663296 18
67108871 18
100663308 18
117440531 18
83886107 18
67108897 18
67108902 18
33554475 18
50331694 18
100663346 18
100663353 18
67108928 18
117440581 18
117440589 18
83886165 18
117440603 18
100663395 18
134217834 18
83886195 18
67108985 18
134217854 18
83886215 18
50331648 19
50331652 19
67108872 19
100663309 19
83886100 19
67108890 19
50331679 19
67108899 19
33554472 19
100663339 19
67108914 19
67108919 19
83886140 19
67108930 19
150995015 19
134217809 19
33554522 19
117440605 19
50331749 19
83886185 19
83886191 19
67108981 19
167772282 19
67108997 19
67109002 19
50331791 19
67109011 19
67109016 19
67108864 20
33554437 20
33554440 20
117440523 20
33554451 20
117440534 20
83886110 20
16777216 21
16777218 21
16777220 21
16777222 21
16777224 21
16777226 21
16777216 23
16777216 24
33554432 25
33554435 25
33554438 25
33554441 25
33554444 25
33554447 25
33554450 25
16777237 25
33554455 25
33554458 25
33554461 25
33554464 25
16777216 26
16777216 27
67108864 28
83886085 28
100663307 28
134217746 28
83886107 28
50331681 28
83886117 28
83886123 28
50331697 28
100663349 28
33554492 28
16777216 29
16777216 30
50331648 31
16777216 33
16777218 33
33554432 34
83886083 34
83886089 34
33554447 34
67108882 34
67108887 34
33554460 34
67108895 34
100663332 34
33554475 34
67108910 34
50331699 34
33554432 35
33554435 35
100663296 36
100663303 36
83886094 36
83886100 36
134217728 37
201326601 37
134217750 37
167772191 37
234881066 37
134217785 37
134217794 37
184549451 37
100663383 37
150995038 37
167772264 37
100663411 37
83886202 37
100663424 37
83886215 37
150995085 37
201326743 37
150995108 37
167772334 37
218103993 37
83886279 37
150995149 37
218104023 37
167772389 37
117440752 37
100663544 37
117440767 37
167772423 37
251658514 37
117440802 37
184549674 37
117440822 37
83886398 37
100663620 37
150995275 37
117440853 37
167772509 37
117440872 37
184549744 37
83886460 37
134218114 37
150995339 37
100663701 37
134218140 37
83886501 37
150995371 37
117440949 37
234881469 37
301990348 37
201327071 37
134218220 37
150995445 37
268435967 37
167772688 37
117441051 37
150995491 37
134218285 37
83886646 37
134218300 37
150995525 37
100663887 37
184549974 37
150995554 37
167772780 37
134218359 37
167772800 37
83886731 37
117441169 37
167772825 37
117441188 37
184550060 37
150995640 37
83886786 37
150995656 37
134218450 37
218104539 37
218104553 37
218104567 37
167772933 37
201327376 37
201327389 37
234881834 37
251659065 37
184550217 37
167773013 37
218104672 37
218104686 37
167773052 37
184550279 37
201327507 37
184550304 37
167773100 37
268436407 37
201327560 37
234882005 37
134218724 37
184550381 37
184550393 37
234882053 37
167773204 37
301990943 37
301990962 37
184550469 37
234882129 37
251659360 37
184550512 37
150996092 37
150996102 37
184550544 37
150996124 37
134218918 37
150996143 37
50332857 37
50332861 37
134218945 37
134218954 37
167773395 37
134218974 37
117441767 37
134218991 37
201327864 37
184550661 37
83887377 37
218105111 37
67110181 37
268436778 37
167773499 37
218105158 37
234882388 37
201327971 37
150996336 37
67110266 37
67110271 37
167773572 37
67110287 37
117441940 37
134219164 37
117441957 37
184550829 37
50333113 37
100664765 37
117441988 37
218105292 37
218105306 37
117442024 37
167773680 37
150996475 37
218105349 37
234882579 37
234882594 37
134219313 37
184550970 37
234882630 37
184550997 37
184551009 37
150996589 37
167773815 37
201328258 37
150996623 37
201328281 37
201328294 37
167773875 37
150996670 37
184551112 37
150996692 37
201328350 37
184551147 37
251660023 37
184551175 37
234882835 37
218105634 37
218105648 37
251660094 37
67110734 37
117442387 37
167774043 37
67110758 37
83887979 37
184551281 37
150996861 37
134219655 37
50333584 37
117442452 37
167774108 37
67110823 37
234882988 37
117442491 37
251660227 37
218105811 37
234883041 37
201328624 37
167774205 37
184551432 37
234883107 37
234883092 37
167774258 37
301991997 37
268437584 37
268437601 37
184551538 37
201328766 37
218105995 37
268437657 37
184551594 37
150997174 37
67111104 37
67111109 37
184551626 37
301992150 37
201328873 37
83888374 37
83888380 37
117442818 37
218106122 37
201328920 37
83888421 37
134220075 37
117442868 37
100665660 37
234883395 37
218106194 37
184551776 37
150997356 37
234883446 37
234883461 37
251660692 37
285215140 37
167774646 37
150997441 37
184551883 37
50334167 37
50334171 37
50334175 37
134220259 37
201329132 37
167774713 37
268438020 37
117443093 37
184551965 37
234883625 37
201329208 37
184552005 37
150997585 37
50334299 37
117443167 37
100665959 37
134220398 37
100663328 38
100663296 38
218103815 38
167772181 38
16777216 40
67108864 41
67108869 41
67108874 41
67108879 41
67108884 41
50331648 42
50331652 42
50331656 42
67108876 42
67108881 42
67108886 42
50331675 42
100663331 43
167772202 43
218103861 43
167772227 43
218103820 43
134217754 43
268435534 43
184549376 43
134217728 44
150994953 44
150994944 45
134217738 45
117440531 45
150994971 45
167772197 45
134217776 45
150995001 45
167772227 45
117440590 45
150995030 45
150995040 45
134217834 45
134217843 45
167772284 45
134217863 45
167772304 45
100663451 45
134217890 45
167772331 45
83886262 45
100663484 45
134217923 45
100663500 45
134217939 45
184549596 45
150995176 45
201326834 45
167772415 45
201326858 45
150995223 45
184549665 45
83886381 45
218104115 45
134218049 45
184549706 45
184549718 45
134218082 45
134218091 45
167772532 45
167772543 45
167772554 45
117440917 45
100663709 45
117440932 45
100663296 46
167772167 46
218103826 46
167772192 46
33554432 47
16777216 48
100663311 49
134217734 49
83886080 49
50331648 50
100663310 51
218103808 51
117440512 52
150994952 52
117440530 52
117440538 52
100663296 53
520093883 54
369099002 54
872415526 54
268435803 54
503316699 54
335544684 54
184549787 54
570425403 54
452984959 54
184549799 54
704643088 54
335544593 54
234881420 54
251658240 54
167772545 54
520093851 54
536871006 54
218104278 54
385876403 54
218104292 54
570425842 54
251658773 54
167772619 54
167772709 54
234881024 55
520093711 55
234881071 55
100663358 55
218103877 55
234881107 55
