0 0
16777217 0
268435540 1
268435557 1
134217846 1
167772287 1
218103946 1
201326744 1
134217906 1
117440568 1
83886130 1
201326779 1
201326757 1
201326592 1
100663373 1
134217741 1
100663339 1
184549590 1
201326656 1
218104008 1
150994977 1
150995195 1
251658466 1
117440773 1
117440781 1
167772182 1
134217970 1
150995221 1
100663583 1
50331648 2
50331652 2
50331656 2
50331660 2
33554448 2
67108883 2
50331672 2
16777216 3
33554432 4
33554435 4
33554438 4
33554441 4
50331660 4
67108880 4
67108885 4
67108890 4
67108895 4
67108900 4
117440553 4
134217777 4
134217786 4
150995011 4
150995021 4
117440599 4
50331743 4
67108963 4
167772264 4
167772275 4
167772286 4
167772297 4
167772308 4
167772319 4
167772330 4
167772341 4
167772352 4
134217931 4
150995156 4
150995166 4
150995176 4
150995186 4
134217980 4
117440773 4
134217997 4
150995222 4
150995232 4
150995242 4
150995252 4
83886398 4
83886404 4
67109194 4
50331983 4
117440851 4
134218075 4
134218084 4
134218093 4
67109238 4
83886459 4
83886465 4
83886471 4
83886477 4
83886483 4
150995353 4
167772579 4
167772590 4
201327033 4
167772614 4
167772625 4
167772636 4
83886567 4
117441005 4
117441013 4
117441021 4
67109381 4
167772682 4
167772693 4
201327136 4
167772717 4
167772728 4
167772739 4
167772750 4
150995545 4
150995555 4
134218349 4
150995574 4
150995584 4
150995594 4
50332308 4
67109528 4
117441181 4
67109541 4
83886762 4
83886768 4
83886774 4
134218428 4
167772869 4
150995664 4
150995674 4
83886820 4
67109610 4
83886831 4
83886837 4
83886843 4
33555201 4
33555204 4
33555207 4
33555210 4
33555213 4
83886864 4
33555222 4
50332441 4
67108864 5
33554437 5
33554440 5
50331659 5
50331663 5
67108883 5
67108888 5
67108893 5
50331682 5
67108902 5
117440555 5
83886131 5
50331705 5
67108925 5
16777216 6
50331648 7
100663300 7
50331659 7
83886095 7
83886101 7
50331675 7
83886111 7
33554469 7
100663336 7
67108911 7
100663348 7
83886139 7
117440577 7
83886153 7
67108943 7
67108948 7
100663385 7
67108960 7
100663397 7
50331756 7
83886192 7
83886198 7
50331772 7
67108992 7
83886213 7
83886219 7
150995089 7
150995099 7
150995109 7
117440687 7
83886263 7
184549565 7
50331849 7
83886285 7
83886291 7
134217945 7
67109090 7
67109095 7
50331884 7
83886320 7
67109110 7
50331899 7
150995199 7
100663561 7
33554704 7
100663571 7
83886362 7
67109152 7
117440805 7
67109165 7
117440818 7
117440826 7
100663618 7
83886409 7
83886415 7
83886421 7
83886427 7
100663649 7
67109224 7
100663661 7
50332020 7
117440888 7
50332032 7
83886468 7
117440906 7
67109266 7
134218135 7
117440928 7
117440936 7
67109296 7
83886517 7
67109307 7
16777216 8
16777218 8
16777220 8
16777222 8
16777224 8
16777226 8
16777228 8
16777230 8
16777232 8
16777216 9
67108864 10
50331653 10
67108873 10
83886094 10
83886100 10
67108890 10
117440543 10
134217767 10
100663344 10
83886135 10
83886141 10
134217795 10
117440588 10
117440596 10
83886172 10
83886080 12
50331654 12
83886090 12
67108880 12
83886101 12
50331675 12
83886111 12
134217765 12
67108910 12
50331699 12
67108919 12
100663356 12
134217795 12
100663372 12
83886163 12
50331737 12
50331741 12
83886177 12
67108967 12
67108972 12
83886193 12
50331767 12
100663419 12
100663426 12
50331785 12
67109005 12
83886226 12
67109016 12
50331805 12
83886241 12
50331815 12
100663467 12
100663474 12
100663481 12
50331840 12
67109060 12
83886281 12
50331855 12
50331859 12
83886295 12
100663517 12
83886308 12
100663530 12
100663537 12
67109112 12
67109117 12
67109122 12
83886343 12
150995213 12
100663575 12
50331934 12
83886370 12
117440808 12
67109168 12
67109173 12
83886394 12
100663616 12
50331648 14
50331652 14
67108872 14
134217741 14
201326614 14
134217763 14
67108908 14
83886129 14
83886135 14
67108898 15
134217767 15
117440538 15
100663374 15
100663381 15
117440609 15
67108956 15
50331666 15
67108864 15
83886085 15
117440617 15
117440565 15
150995012 15
67108912 15
100663357 15
100663307 15
50331670 15
16777216 16
100663296 18
67108871 18
100663308 18
117440531 18
83886107 18
67108897 18
67108902 18
33554475 18
50331694 18
100663346 18
100663353 18
67108928 18
117440581 18
117440589 18
83886165 18
117440603 18
100663395 18
134217834 18
83886195 18
67108985 18
134217854 18
150995079 18
83886225 18
83886231 18
50331648 19
50331652 19
67108872 19
100663309 19
83886100 19
67108890 19
50331679 19
67108899 19
83886120 19
67108910 19
150994995 19
67108925 19
33554498 19
117440581 19
50331725 19
83886161 19
83886167 19
67108957 19
150995042 19
67108972 19
67108977 19
50331766 19
67108986 19
67108991 19
83886080 20
33554438 20
50331657 20
83886093 20
117440531 20
83886107 20
117440545 20
100663337 20
67108912 20
167772213 20
184549440 20
67108940 20
33554513 20
100663380 20
33554523 20
117440606 20
33554534 20
117440617 20
83886193 20
16777216 21
16777218 21
16777220 21
16777222 21
16777224 21
16777226 21
167772160 22
218103819 22
16777216 23
16777216 24
33554432 25
33554435 25
33554438 25
33554441 25
33554444 25
33554447 25
33554450 25
16777237 25
33554455 25
33554458 25
33554461 25
33554464 25
33554467 25
33554470 25
33554473 25
33554476 25
16777216 26
16777216 27
67108864 28
83886085 28
100663307 28
134217746 28
83886107 28
50331681 28
83886117 28
67108907 28
83886128 28
50331702 28
100663354 28
33554497 28
16777216 29
16777216 30
50331648 31
50331648 32
83886084 32
16777216 33
16777218 33
33554432 35
33554435 35
16777216 36
50331648 37
50331652 37
50331656 37
50331660 37
50331664 37
134217748 37
134217757 37
167772198 37
134217777 37
134217786 37
150995011 37
167772237 37
100663384 37
83886175 37
100663397 37
83886188 37
218103922 37
83886208 37
150995078 37
218103952 37
167772318 37
117440681 37
100663473 37
117440696 37
167772352 37
117440715 37
184549587 37
83886303 37
100663525 37
150995180 37
117440758 37
167772414 37
117440777 37
184549649 37
83886365 37
150995235 37
100663597 37
134218036 37
83886397 37
150995267 37
117440845 37
234881365 37
301990244 37
201326967 37
150995332 37
268435854 37
167772575 37
150995370 37
134218164 37
83886525 37
134218179 37
100663756 37
184549843 37
150995423 37
167772649 37
134218228 37
167772669 37
83886600 37
117441038 37
167772694 37
117441057 37
83886633 37
150995503 37
134218297 37
218104386 37
218104400 37
218104414 37
167772780 37
201327223 37
201327236 37
234881681 37
251658912 37
184550064 37
167772860 37
218104519 37
218104533 37
167772899 37
184550126 37
201327354 37
184550151 37
167772947 37
268436254 37
201327407 37
234881852 37
134218571 37
184550228 37
184550240 37
234881900 37
167773051 37
301990790 37
301990809 37
184550316 37
234881976 37
251659207 37
184550359 37
150995939 37
150995949 37
184550391 37
150995971 37
134218765 37
150995990 37
50332704 37
50332708 37
134218792 37
167773233 37
134218812 37
134218821 37
201327694 37
184550491 37
83887207 37
218104941 37
67110011 37
268436608 37
167773329 37
218104988 37
234882218 37
201327801 37
150996166 37
67110096 37
67110101 37
167773402 37
67110117 37
117441770 37
134218994 37
117441787 37
184550659 37
50332943 37
100664595 37
117441818 37
218105122 37
218105136 37
117441854 37
167773510 37
150996305 37
218105179 37
234882409 37
234882424 37
134219143 37
184550800 37
234882460 37
184550827 37
184550839 37
150996419 37
167773645 37
201328088 37
150996453 37
201328111 37
201328124 37
167773705 37
150996500 37
184550942 37
150996522 37
201328180 37
184550977 37
251659853 37
184551005 37
234882665 37
218105464 37
218105478 37
251659924 37
67110564 37
117442217 37
167773873 37
67110588 37
83887809 37
184551111 37
150996691 37
134219485 37
50333414 37
167773930 37
67110645 37
234882810 37
117442313 37
251660049 37
218105633 37
234882863 37
201328446 37
167774027 37
184551254 37
234882929 37
234882914 37
167774080 37
301991819 37
268437406 37
268437423 37
184551360 37
201328588 37
218105817 37
201328615 37
251660276 37
268437508 37
184551445 37
150997025 37
67110955 37
67110960 37
184551477 37
301992001 37
201328724 37
83888225 37
83888231 37
117442669 37
218105973 37
201328771 37
83888272 37
134219926 37
117442719 37
100665511 37
234883246 37
218106045 37
184551627 37
150997207 37
234883297 37
234883312 37
251660543 37
285214991 37
167774497 37
150997292 37
184551734 37
50334018 37
50334022 37
50334026 37
134220110 37
201328983 37
167774564 37
268437871 37
117442944 37
184551816 37
234883476 37
201329059 37
184551856 37
150997436 37
50334150 37
117443018 37
100665810 37
134220249 37
201329122 37
100663328 38
100663296 38
218103815 38
167772181 38
16777216 40
67108864 41
67108869 41
67108874 41
67108879 41
67108884 41
33554432 42
33554435 42
33554438 42
50331657 42
50331661 42
50331665 42
67108885 42
67108890 42
67108895 42
50331684 42
50331688 42
100663331 43
167772202 43
218103861 43
167772227 43
218103820 43
134217754 43
268435534 43
184549376 43
134217728 44
150994953 44
83886080 45
218103814 45
134217748 45
184549405 45
184549417 45
134217781 45
134217790 45
150995015 45
167772241 45
167772252 45
167772263 45
117440626 45
134217850 45
100663427 45
117440650 45
100663296 46
167772167 46
218103826 46
167772192 46
33554432 47
16777216 48
100663311 49
134217734 49
83886080 49
50331648 50
100663310 51
218103808 51
117440512 52
150994952 52
117440530 52
117440538 52
100663296 53
1392509514 54
1124074680 54
603981768 54
301991932 54
1140851430 54
520095656 54
117440762 54
369099106 54
687867282 54
352321745 54
301990804 54
855638550 54
234882742 54
1358956637 54
738198439 54
637536004 54
452985692 54
469763665 54
520096561 54
520094806 54
285214080 54
671089341 54
654313070 54
452985158 54
234883053 54
671090007 54
234882300 54
1258292491 54
419432265 54
335546233 54
134217959 54
503317150 54
1308624357 54
805307179 54
788529638 54
520095382 54
452985720 54
469763636 54
671090108 54
738199567 54
1090520182 54
1124073538 54
134218115 54
285214780 54
234883150 54
889193428 54
1090519040 54
201328838 54
385878227 54
218106635 54
637536594 54
570427961 54
218106602 54
369101177 54
486541712 54
352323427 54
486541099 54
553648395 54
754977060 54
654312458 54
285215150 54
251660736 54
117443045 54
335546832 54
234881325 54
150995260 54
419432334 54
234883565 54
150995321 54
184549573 54
150995184 54
452987388 54
822085330 54
234883608 54
285215271 54
838861235 54
637534604 54
452987115 54
654314163 54
1040187526 54
234883349 54
268438108 54
369100975 54
218106119 54
134217986 54
234883865 54
234883803 54
587203634 54
369101468 54
385878660 54
369101421 54
301992696 54
134220584 54
201328325 54
234881024 55
520093711 55
234881071 55
100663358 55
218103877 55
234881107 55
33554432 56
33554435 56
100663328 57
134217751 57
100663304 57
234881073 57
117440527 57
150994983 57
134217804 57
117440512 57
234881119 57
335544430 57
100663360 57
150995029 57
67108935 57
