0 0
16777217 0
218103841 1
134218524 1
117441382 1
150995062 1
201326599 1
117440804 1
150995749 1
184549432 1
134217796 1
134217805 1
100664341 1
134217814 1
234881119 1
167772441 1
134217856 1
117440649 1
184549521 1
150995101 1
150995111 1
150995121 1
100663296 1
150995131 1
134217925 1
167772366 1
134217945 1
150995170 1
184549612 1
184549624 1
184549636 1
134218000 1
167772460 1
134218039 1
218104128 1
134218062 1
150995287 1
134218081 1
184549738 1
184549750 1
100663682 1
218104201 1
201326999 1
150995364 1
134217775 1
218104238 1
150995388 1
134218182 1
150995407 1
150995417 1
150995450 1
201326612 1
184549904 1
184549916 1
218104360 1
167772726 1
184549953 1
301990477 1
167772768 1
234881643 1
234881658 1
184549892 1
134218377 1
234881682 1
150995617 1
150995627 1
117441205 1
150995645 1
100664007 1
167772878 1
150995673 1
167772899 1
134218211 1
150995694 1
134218488 1
167772929 1
117440622 1
251659020 1
150995759 1
150995769 1
167772995 1
234881870 1
134218589 1
134218606 1
218104300 1
167773047 1
150995842 1
184550441 1
201327644 1
218104716 1
150995866 1
150995876 1
117441454 1
184550326 1
150995906 1
251659212 1
134218716 1
184550373 1
134218737 1
134218746 1
134218755 1
134218764 1
50331648 2
50331652 2
50331656 2
33554444 2
67108879 2
50331668 2
16777216 3
33554432 4
33554435 4
33554438 4
33554441 4
67108876 4
67108881 4
67108886 4
67108891 4
67108896 4
117440549 4
134217773 4
134217782 4
150995007 4
150995017 4
117440595 4
50331739 4
67108959 4
167772260 4
167772271 4
167772282 4
167772293 4
167772304 4
167772315 4
167772326 4
167772337 4
167772348 4
134217927 4
150995152 4
150995162 4
150995172 4
150995182 4
134217976 4
117440769 4
134217993 4
150995218 4
150995228 4
150995238 4
150995248 4
117440826 4
83886402 4
83886408 4
67109198 4
50331987 4
117440855 4
134218079 4
134218088 4
134218097 4
67109242 4
83886463 4
83886469 4
83886475 4
83886481 4
83886487 4
150995357 4
167772583 4
167772594 4
201327037 4
167772618 4
167772629 4
167772640 4
83886571 4
117441009 4
117441017 4
117441025 4
67109385 4
167772686 4
167772697 4
201327140 4
167772721 4
167772732 4
167772743 4
167772754 4
150995549 4
150995559 4
134218353 4
150995578 4
150995588 4
150995598 4
50332312 4
67109532 4
117441185 4
67109545 4
83886766 4
83886772 4
83886778 4
134218432 4
167772873 4
150995668 4
150995678 4
83886824 4
67109614 4
83886835 4
83886841 4
83886847 4
33555205 4
33555208 4
33555211 4
33555214 4
33555217 4
83886868 4
33555226 4
50332445 4
67108864 5
33554437 5
33554440 5
50331659 5
50331663 5
67108883 5
67108888 5
67108893 5
50331682 5
83886118 5
50331692 5
67108912 5
16777216 6
50331648 7
100663300 7
50331659 7
83886095 7
83886101 7
50331675 7
83886111 7
33554469 7
100663336 7
67108911 7
100663348 7
83886139 7
117440577 7
83886153 7
67108943 7
67108948 7
100663385 7
67108960 7
100663397 7
50331756 7
83886192 7
83886198 7
50331772 7
67108992 7
83886213 7
83886219 7
150995089 7
150995099 7
150995109 7
117440687 7
83886263 7
184549565 7
201326793 7
134217942 7
117440735 7
50331879 7
83886315 7
67109105 7
134217974 7
100663551 7
67109126 7
67109131 7
50331920 7
83886356 7
67109146 7
100663583 7
50331942 7
150995242 7
100663604 7
33554747 7
100663614 7
83886405 7
67109195 7
117440848 7
67109208 7
117440861 7
117440869 7
134218093 7
100663670 7
83886461 7
83886467 7
83886473 7
83886479 7
100663701 7
67109276 7
100663713 7
50332072 7
117440940 7
50332084 7
83886520 7
117440958 7
67109318 7
134218187 7
117440980 7
117440988 7
67109348 7
83886569 7
16777216 8
67108866 8
50331655 8
16777227 8
67108877 8
50331666 8
16777238 8
67108888 8
50331677 8
16777249 8
16777251 8
16777253 8
16777255 8
16777257 8
16777259 8
16777216 9
67108864 10
50331653 10
67108873 10
83886094 10
83886100 10
67108890 10
117440543 10
134217767 10
100663344 10
83886135 10
83886141 10
134217795 10
117440588 10
117440596 10
83886172 10
83886080 12
50331654 12
83886090 12
67108880 12
83886101 12
83886107 12
134217761 12
67108906 12
50331695 12
67108915 12
100663352 12
134217791 12
100663368 12
83886159 12
50331733 12
50331737 12
83886173 12
67108963 12
67108968 12
83886189 12
50331763 12
100663415 12
100663422 12
50331781 12
67109001 12
83886222 12
67109012 12
50331801 12
83886237 12
100663459 12
100663466 12
100663473 12
50331832 12
67109052 12
83886273 12
50331847 12
50331851 12
83886287 12
100663509 12
83886300 12
100663522 12
67109097 12
67109102 12
67109107 12
83886328 12
50331902 12
100663554 12
50331913 12
117440781 12
67109141 12
67109146 12
83886367 12
100663589 12
184549376 13
50331648 14
50331652 14
67108872 14
134217741 14
201326614 14
134217763 14
67108908 14
83886129 14
83886135 14
16777216 15
117440531 15
201326598 15
50331650 15
184549415 15
184549403 15
16777216 16
33554432 18
83886083 18
83886089 18
117440527 18
100663319 18
67108894 18
83886115 18
134217769 18
83886130 18
67108920 18
100663357 18
134217796 18
83886157 18
50331731 18
83886167 18
50331648 19
50331652 19
16777224 19
67108874 19
100663311 19
83886102 19
67108892 19
50331681 19
67108901 19
33554474 19
100663341 19
67108916 19
67108921 19
83886142 19
67108932 19
150995017 19
134217811 19
16777308 19
67108958 19
16777315 19
16777317 19
83886183 19
167772269 19
16777336 19
67108986 19
67108991 19
67108996 19
100663433 19
117440512 20
117440520 20
117440528 20
134217752 20
67108897 20
33554470 20
83886121 20
201326639 20
134217788 20
150995013 20
33554511 20
134217810 20
134217819 20
16777216 21
16777218 21
16777220 21
16777222 21
16777224 21
16777226 21
16777216 23
16777216 24
33554432 25
33554435 25
33554438 25
16777225 25
33554443 25
33554446 25
33554449 25
33554452 25
33554455 25
33554458 25
16777216 26
16777216 27
67108864 28
83886085 28
134217739 28
83886100 28
50331674 28
83886110 28
83886116 28
50331690 28
100663342 28
33554485 28
16777216 29
16777216 30
50331648 31
16777216 33
16777218 33
33554432 35
33554435 35
134217728 37
201326601 37
134217750 37
167772191 37
234881066 37
134217785 37
134217794 37
184549451 37
100663383 37
150995038 37
167772264 37
100663411 37
83886202 37
100663424 37
83886215 37
150995085 37
201326743 37
150995108 37
167772334 37
218103993 37
83886279 37
150995149 37
218104023 37
167772389 37
117440752 37
100663544 37
117440767 37
167772423 37
251658514 37
117440802 37
184549674 37
117440822 37
83886398 37
100663620 37
150995275 37
117440853 37
167772509 37
117440872 37
184549744 37
83886460 37
134218114 37
150995339 37
100663701 37
134218140 37
83886501 37
150995371 37
117440949 37
234881469 37
301990348 37
201327071 37
134218220 37
150995445 37
268435967 37
167772688 37
117441051 37
150995491 37
134218285 37
83886646 37
134218300 37
150995525 37
100663887 37
184549974 37
150995554 37
167772780 37
134218359 37
167772800 37
83886731 37
117441169 37
167772825 37
117441188 37
184550060 37
150995640 37
83886786 37
134218440 37
150995665 37
134218459 37
218104548 37
218104562 37
218104576 37
167772942 37
201327385 37
201327398 37
234881843 37
251659074 37
184550226 37
167773022 37
218104681 37
218104695 37
167773061 37
184550288 37
201327516 37
184550313 37
167773109 37
268436416 37
201327569 37
234882014 37
134218733 37
184550390 37
184550402 37
234882062 37
167773213 37
301990952 37
301990971 37
184550478 37
234882138 37
251659369 37
184550521 37
150996101 37
150996111 37
184550553 37
150996133 37
134218927 37
150996152 37
50332866 37
50332870 37
167773386 37
134218965 37
167773406 37
134218985 37
134218994 37
201327867 37
184550664 37
83887380 37
218105114 37
67110184 37
268436781 37
167773502 37
218105161 37
234882391 37
201327974 37
150996339 37
67110269 37
67110274 37
167773575 37
67110290 37
117441943 37
134219167 37
117441960 37
184550832 37
50333116 37
100664768 37
117441991 37
218105295 37
218105309 37
117442027 37
167773683 37
150996478 37
218105352 37
234882582 37
234882597 37
134219316 37
184550973 37
234882633 37
184551000 37
184551012 37
150996592 37
167773818 37
201328261 37
150996626 37
201328284 37
201328297 37
167773878 37
150996673 37
184551115 37
150996695 37
201328353 37
184551150 37
251660026 37
184551178 37
234882838 37
218105637 37
218105651 37
251660097 37
67110737 37
117442390 37
167774046 37
67110761 37
83887982 37
184551284 37
218105728 37
150996878 37
134219672 37
50333601 37
268437413 37
167774134 37
67110849 37
234883014 37
117442517 37
251660253 37
218105837 37
234883067 37
201328650 37
167774231 37
184551458 37
234883133 37
234883118 37
167774284 37
301992023 37
268437610 37
268437627 37
184551564 37
201328792 37
218106021 37
268437683 37
184551620 37
150997200 37
67111130 37
67111135 37
184551652 37
301992176 37
201328899 37
83888400 37
83888406 37
117442844 37
218106148 37
201328946 37
83888447 37
134220101 37
117442894 37
100665686 37
234883421 37
218106220 37
184551802 37
150997382 37
234883472 37
234883487 37
251660718 37
285215166 37
167774672 37
150997467 37
184551909 37
50334193 37
50334197 37
50334201 37
134220285 37
201329158 37
167774739 37
268438046 37
268438063 37
117443136 37
184552008 37
234883668 37
201329251 37
184552048 37
150997628 37
50334342 37
117443210 37
150997650 37
100666012 37
134220451 37
167774892 37
100663328 38
100663296 38
218103815 38
167772181 38
16777216 40
67108864 41
67108869 41
67108874 41
67108879 41
67108884 41
50331648 42
50331652 42
50331656 42
67108876 42
67108881 42
67108886 42
50331675 42
100663331 43
167772202 43
218103861 43
167772227 43
218103820 43
134217754 43
268435534 43
184549376 43
134217728 44
150994953 44
134217728 45
83886089 45
218103823 45
184549405 45
184549417 45
201326645 45
134217794 45
134217803 45
167772244 45
167772255 45
167772266 45
184549493 45
117440641 45
100663433 45
117440656 45
100663296 46
167772167 46
218103826 46
167772192 46
33554432 47
16777216 48
50331648 50
100663310 51
218103808 51
117440512 52
150994952 52
117440530 52
117440538 52
100663296 53
419430438 54
285212736 54
318767186 54
603979878 54
620756992 54
16777216 57
33554432 58
67108867 58
33554440 58
67108875 58
16777232 58
67108882 58
67108887 58
16777216 59
33554434 59
16777221 59
33554439 59
33554432 60
33554435 60
33554438 60
33554441 60
33554444 60
33554447 60
33554450 60
33554453 60
33554456 60
33554459 60
33554462 60
83886100 61
67108879 61
83886080 61
67108874 61
50331654 61
