0 0
16777217 0
117440555 1
218103885 1
150995035 1
167772285 1
150995080 1
167772317 1
134218695 1
100663484 1
150995122 1
150995112 1
100663498 1
117440838 1
83887200 1
218104074 1
67109939 1
150995928 1
167772451 1
117441389 1
134218045 1
134218573 1
117441488 1
117440821 1
134218831 1
134218898 1
134218564 1
167772440 1
150995380 1
117441600 1
251658615 1
100663598 1
184550509 1
100663491 1
134218193 1
268435979 1
234881532 1
167772657 1
218104357 1
134218268 1
150995184 1
150995890 1
134218174 1
167772306 1
184549604 1
150995162 1
83886117 1
117441317 1
218103808 1
234881596 1
218104395 1
134217742 1
134218329 1
184549986 1
167772782 1
167772802 1
184550067 1
201327295 1
117440581 1
134218444 1
167772885 1
218104621 1
150995680 1
134218487 1
100664422 1
167772954 1
134218513 1
134217779 1
167772274 1
167772634 1
167773197 1
100664392 1
134218136 1
167773305 1
201326693 1
234882046 1
150995880 1
117441592 1
134218155 1
117440903 1
134218403 1
134218555 1
134217937 1
184550555 1
100664364 1
134217788 1
134218127 1
150995299 1
150995829 1
218103831 1
184549861 1
201327446 1
251659234 1
150995309 1
150995361 1
184550300 1
184550386 1
100663980 1
201327338 1
150995609 1
150995278 1
268436224 1
234881933 1
318768152 1
117440770 1
117440762 1
167772504 1
117441624 1
150995811 1
218104964 1
218104703 1
184550029 1
134218361 1
150995399 1
167773116 1
134218291 1
50331648 2
50331652 2
50331656 2
33554444 2
67108879 2
50331668 2
16777216 3
33554432 4
33554435 4
33554438 4
33554441 4
67108876 4
67108881 4
67108886 4
67108891 4
67108896 4
117440549 4
134217773 4
134217782 4
150995007 4
150995017 4
117440595 4
50331739 4
67108959 4
167772260 4
167772271 4
167772282 4
167772293 4
167772304 4
167772315 4
167772326 4
167772337 4
167772348 4
134217927 4
150995152 4
150995162 4
150995172 4
150995182 4
134217976 4
117440769 4
134217993 4
150995218 4
150995228 4
150995238 4
150995248 4
117440826 4
83886402 4
83886408 4
67109198 4
50331987 4
117440855 4
134218079 4
134218088 4
134218097 4
67109242 4
83886463 4
83886469 4
83886475 4
83886481 4
83886487 4
150995357 4
167772583 4
167772594 4
201327037 4
167772618 4
167772629 4
167772640 4
83886571 4
117441009 4
117441017 4
117441025 4
67109385 4
167772686 4
167772697 4
201327140 4
167772721 4
167772732 4
167772743 4
167772754 4
150995549 4
150995559 4
134218353 4
150995578 4
150995588 4
150995598 4
50332312 4
67109532 4
117441185 4
67109545 4
83886766 4
83886772 4
83886778 4
134218432 4
167772873 4
150995668 4
150995678 4
83886824 4
67109614 4
83886835 4
83886841 4
83886847 4
33555205 4
33555208 4
33555211 4
33555214 4
33555217 4
83886868 4
33555226 4
50332445 4
67108864 5
33554437 5
33554440 5
50331659 5
50331663 5
67108883 5
67108888 5
67108893 5
50331682 5
83886118 5
50331692 5
67108912 5
16777216 6
50331648 7
100663300 7
50331659 7
83886095 7
83886101 7
50331675 7
83886111 7
33554469 7
100663336 7
67108911 7
100663348 7
83886139 7
117440577 7
83886153 7
67108943 7
67108948 7
100663385 7
67108960 7
100663397 7
50331756 7
83886192 7
83886198 7
50331772 7
67108992 7
83886213 7
83886219 7
150995089 7
150995099 7
150995109 7
117440687 7
83886263 7
184549565 7
201326793 7
134217942 7
117440735 7
50331879 7
83886315 7
83886321 7
134217975 7
100663552 7
67109127 7
67109132 7
50331921 7
83886357 7
67109147 7
100663584 7
50331943 7
150995243 7
100663605 7
33554748 7
100663615 7
83886406 7
67109196 7
117440849 7
67109209 7
117440862 7
117440870 7
134218094 7
100663671 7
83886462 7
83886468 7
83886474 7
83886480 7
100663702 7
67109277 7
100663714 7
50332073 7
117440941 7
50332085 7
83886521 7
117440959 7
67109319 7
134218188 7
117440981 7
117440989 7
67109349 7
83886570 7
16777216 8
67108866 8
50331655 8
16777227 8
67108877 8
50331666 8
16777238 8
67108888 8
50331677 8
16777249 8
16777251 8
16777253 8
16777255 8
16777257 8
16777259 8
16777216 9
67108864 10
50331653 10
67108873 10
83886094 10
83886100 10
67108890 10
117440543 10
134217767 10
100663344 10
83886135 10
83886141 10
134217795 10
117440588 10
117440596 10
83886172 10
83886080 12
50331654 12
83886090 12
67108880 12
83886101 12
83886107 12
134217761 12
67108906 12
50331695 12
67108915 12
100663352 12
134217791 12
100663368 12
83886159 12
50331733 12
50331737 12
83886173 12
67108963 12
67108968 12
83886189 12
50331763 12
100663415 12
100663422 12
50331781 12
67109001 12
83886222 12
67109012 12
50331801 12
83886237 12
100663459 12
100663466 12
50331825 12
67109045 12
83886266 12
50331840 12
50331844 12
83886280 12
100663502 12
83886293 12
100663515 12
67109090 12
67109095 12
67109100 12
83886321 12
50331895 12
150995195 12
100663557 12
50331916 12
117440784 12
67109144 12
67109149 12
83886370 12
100663592 12
268435466 13
150994944 13
234881074 13
369098779 13
50331648 14
50331652 14
67108872 14
134217741 14
201326614 14
134217763 14
67108908 14
83886129 14
83886135 14
16777220 15
50331673 15
150994973 15
100663353 15
150994959 15
83886163 15
67108928 15
50331717 15
67108903 15
50331659 15
117440601 15
117440609 15
67108908 15
150995017 15
117440561 15
67108870 15
50331648 15
268435571 15
150995049 15
167772292 15
369098910 15
234881167 15
16777216 16
100663296 18
67108871 18
100663308 18
117440531 18
83886107 18
67108897 18
67108902 18
33554475 18
50331694 18
100663346 18
100663353 18
67108928 18
117440581 18
117440589 18
83886165 18
83886171 18
117440609 18
100663401 18
67108976 18
83886197 18
134217851 18
83886212 18
67109002 18
100663439 18
134217878 18
83886239 18
50331813 18
83886249 18
50331648 19
50331652 19
16777224 19
67108874 19
100663311 19
83886102 19
67108892 19
50331681 19
67108901 19
33554474 19
100663341 19
67108916 19
67108921 19
83886142 19
67108932 19
150995017 19
134217811 19
16777308 19
67108958 19
16777315 19
16777317 19
83886183 19
67108973 19
167772274 19
16777341 19
67108991 19
67108996 19
67109001 19
100663438 19
83886080 20
167772166 20
33554449 20
117440532 20
117440540 20
100663332 20
83886123 20
83886129 20
67108919 20
33554492 20
117440575 20
100663367 20
100663374 20
83886165 20
134217819 20
67108964 20
33554537 20
83886188 20
201326706 20
83886207 20
117440645 20
33554573 20
134217872 20
150995097 20
50331811 20
33554599 20
117440682 20
134217906 20
83886267 20
67109057 20
134217926 20
50331855 20
83886291 20
16777216 21
16777218 21
16777220 21
16777222 21
16777224 21
16777226 21
16777216 23
16777216 24
33554432 25
33554435 25
33554438 25
33554441 25
33554444 25
33554447 25
33554450 25
16777237 25
33554455 25
33554458 25
33554461 25
33554464 25
33554467 25
33554470 25
33554473 25
33554476 25
33554479 25
16777216 26
16777216 27
67108864 28
83886085 28
134217739 28
83886100 28
50331674 28
83886110 28
83886116 28
50331690 28
100663342 28
33554485 28
16777216 29
16777216 30
50331648 31
16777216 33
16777218 33
33554432 35
33554435 35
50331648 36
100663300 36
117440523 36
50331648 37
50331652 37
50331656 37
50331660 37
50331664 37
50331668 37
67108888 37
134217757 37
201326630 37
134217779 37
167772220 37
234881095 37
134217814 37
134217823 37
184549480 37
100663412 37
150995067 37
167772293 37
100663440 37
83886231 37
100663453 37
83886244 37
150995114 37
201326772 37
150995137 37
167772363 37
218104022 37
83886308 37
150995178 37
218104052 37
167772418 37
117440781 37
100663573 37
117440796 37
167772452 37
251658543 37
117440831 37
184549703 37
117440851 37
83886427 37
100663649 37
150995304 37
117440882 37
167772538 37
117440901 37
184549773 37
83886489 37
134218143 37
150995368 37
100663730 37
134218169 37
83886530 37
150995400 37
117440978 37
234881498 37
301990377 37
201327100 37
134218249 37
150995474 37
268435996 37
167772717 37
117441080 37
150995520 37
134218314 37
83886675 37
134218329 37
150995554 37
100663916 37
184550003 37
150995583 37
167772809 37
134218388 37
167772829 37
83886760 37
117441198 37
167772854 37
117441217 37
184550089 37
150995669 37
83886815 37
134218469 37
150995694 37
134218488 37
218104577 37
218104591 37
218104605 37
167772971 37
201327414 37
201327427 37
234881872 37
251659103 37
184550255 37
167773051 37
218104710 37
218104724 37
167773090 37
184550317 37
201327545 37
184550342 37
167773138 37
268436445 37
201327598 37
234882043 37
134218762 37
184550419 37
184550431 37
234882091 37
167773242 37
301990981 37
301991000 37
184550507 37
234882167 37
251659398 37
184550550 37
150996130 37
150996140 37
134218934 37
184550591 37
150996171 37
134218965 37
150996190 37
50332904 37
100664556 37
50332915 37
150996215 37
134219009 37
218105098 37
218105112 37
218105126 37
167773492 37
201327935 37
201327948 37
234882393 37
251659624 37
184550776 37
167773572 37
218105231 37
218105245 37
167773611 37
184550838 37
201328066 37
184550863 37
167773659 37
268436966 37
201328119 37
234882564 37
134219283 37
184550940 37
184550952 37
234882612 37
167773763 37
301991502 37
301991521 37
184551028 37
234882688 37
251659919 37
184551071 37
150996651 37
150996661 37
184551103 37
150996683 37
134219477 37
150996702 37
167773928 37
134219507 37
167773948 37
134219527 37
167773968 37
134219547 37
134219556 37
201328429 37
184551226 37
83887942 37
184551244 37
218105688 37
67110758 37
218105707 37
268437369 37
268437386 37
167774107 37
218105766 37
234882996 37
201328579 37
150996944 37
67110874 37
67110879 37
167774180 37
218105839 37
234883069 37
201328652 37
150997017 37
201328675 37
167774256 37
67110971 37
117442624 37
134219848 37
167774289 37
117442652 37
184551524 37
184551536 37
50333820 37
100665472 37
100665479 37
134219918 37
117442711 37
218106015 37
218106029 37
117442747 37
167774403 37
150997198 37
218106072 37
234883302 37
234883317 37
134220036 37
184551693 37
234883353 37
184551720 37
184551732 37
150997312 37
167774538 37
201328981 37
150997346 37
201329004 37
201329017 37
167774598 37
150997393 37
184551835 37
150997415 37
201329073 37
184551870 37
251660746 37
184551898 37
234883558 37
218106357 37
218106371 37
251660817 37
67111457 37
117443110 37
167774766 37
67111481 37
150997566 37
218106440 37
234883670 37
234883685 37
134220404 37
184552061 37
234883721 37
184552088 37
184552100 37
150997680 37
167774906 37
201329349 37
150997714 37
201329372 37
167774953 37
201329396 37
150997761 37
150997771 37
201329429 37
184552226 37
184552238 37
251661114 37
184552266 37
234883926 37
218106725 37
218106739 37
251661185 37
83889041 37
184552343 37
184552355 37
218106799 37
150997949 37
134220743 37
50334672 37
50334676 37
268438488 37
167775209 37
67111924 37
167775225 37
234884100 37
117443603 37
251661339 37
218106923 37
234884153 37
201329736 37
167775317 37
184552544 37
234884219 37
234884204 37
167775370 37
301993109 37
268438696 37
268438713 37
184552650 37
201329878 37
218107107 37
268438769 37
184552706 37
150998286 37
67112216 37
67112221 37
218107170 37
251661616 37
201329984 37
234884429 37
167775580 37
184552807 37
234884467 37
167775618 37
301993357 37
268438944 37
268438961 37
184552898 37
201330126 37
218107355 37
201330153 37
251661814 37
268439046 37
184552983 37
150998563 37
184553005 37
301993529 37
201330252 37
83889753 37
83889759 37
184553061 37
301993585 37
201330308 37
117444241 37
218107545 37
201330343 37
83889844 37
201330362 37
83889863 37
134221517 37
117444310 37
100667102 37
234884837 37
218107636 37
184553218 37
150998798 37
234884888 37
234884903 37
251662134 37
285216582 37
167776088 37
150998883 37
184553325 37
50335609 37
50335613 37
50335617 37
234884997 37
218107796 37
184553378 37
150998958 37
234885048 37
234885063 37
251662294 37
285216742 37
167776248 37
150999043 37
184553485 37
134221849 37
201330722 37
167776303 37
201330746 37
167776327 37
167776338 37
268439645 37
268439662 37
268439679 37
117444752 37
184553624 37
184553636 37
234885296 37
201330879 37
234885324 37
184553691 37
150999271 37
184553713 37
50335997 37
117444865 37
150999305 37
100667667 37
134222106 37
201330979 37
167776560 37
150999355 37
100663328 38
100663296 38
218103815 38
167772181 38
16777216 40
67108864 41
67108869 41
67108874 41
67108879 41
67108884 41
100663296 42
50331655 42
50331659 42
50331663 42
67108883 42
67108888 42
67108893 42
50331682 42
100663331 43
167772202 43
218103861 43
167772227 43
218103820 43
134217754 43
268435534 43
184549376 43
134217728 44
150994953 44
150994944 45
134217738 45
117440531 45
150994971 45
167772197 45
134217776 45
150995001 45
167772227 45
117440590 45
150995030 45
150995040 45
134217834 45
134217843 45
167772284 45
134217863 45
167772304 45
100663451 45
134217890 45
167772331 45
83886262 45
100663484 45
134217923 45
100663500 45
134217939 45
184549596 45
150995176 45
201326834 45
167772415 45
201326858 45
150995223 45
184549665 45
134218029 45
83886390 45
201326908 45
218104137 45
201326935 45
184549732 45
218104176 45
117440894 45
83886470 45
134218124 45
100663701 45
117440924 45
134218148 45
150995373 45
184549815 45
117440963 45
134218187 45
184549844 45
201327072 45
134218221 45
150995446 45
134218240 45
150995465 45
167772691 45
134218270 45
134218279 45
167772720 45
150995515 45
184549957 45
167772753 45
268436060 45
167772781 45
184550008 45
117441156 45
134218380 45
100663957 45
150995612 45
117441190 45
134218414 45
117441207 45
150995647 45
134218441 45
167772882 45
100663296 46
167772167 46
218103826 46
167772192 46
33554432 47
16777216 48
50331648 50
100663310 51
218103808 51
117440512 52
150994952 52
117440530 52
117440538 52
100663296 53
855638060 54
620757121 54
234884907 54
335544320 54
738201219 54
369099036 54
369098996 54
285212884 54
301990220 54
503320285 54
738201264 54
385876389 54
335544720 54
184549821 54
452985289 54
352322050 54
251658738 54
201327077 54
184549987 54
956301848 54
335544943 54
268436050 54
687866500 54
486539995 54
503317331 54
536871673 54
738198190 54
452985655 54
469762842 54
452985790 54
520094595 54
268436338 54
620757978 54
436208547 54
268436571 54
486540311 54
369099776 54
620758069 54
234882156 54
335545492 54
402654331 54
335545513 54
754975934 54
419431660 54
268436742 54
452986162 54
436208919 54
520095086 54
520095054 54
536872334 54
452986287 54
536872395 54
452986348 54
201328188 54
855639560 54
520095305 54
536872620 54
234882703 54
218105473 54
385877609 54
436209380 54
369100493 54
218105502 54
620758783 54
385877797 54
452986685 54
301991935 54
436209569 54
268437337 54
301991868 54
385877866 54
788531151 54
503318402 54
486541412 54
402655307 54
385878034 54
234883132 54
285214762 54
620759170 54
402653491 54
889195998 54
218104159 54
201328808 54
285214901 54
503318782 54
234883271 54
234883286 54
402655461 54
620759369 54
419432815 54
721423959 54
771755772 54
184551817 54
301992341 54
285215144 54
469764538 54
503319072 54
268438079 54
402655703 54
318769744 54
620759652 54
503319178 54
486541993 54
385878727 54
301992671 54
570425709 54
301992690 54
536871008 54
369101573 54
335547164 54
318769969 54
301992773 54
452987736 54
369098773 54
603983289 54
352324468 54
520096650 54
520096682 54
251661258 54
335547354 54
671091695 54
469765144 54
201329717 54
469765186 54
452987999 54
503319702 54
436210869 54
285215952 54
402656499 54
268438754 54
469765416 54
452988172 54
402656581 54
452988750 54
335547742 54
251661683 54
402656643 54
469765532 54
738197671 54
268435723 54
218104038 54
721422621 54
436210811 54
788531696 54
469765690 54
620760596 54
318771002 54
16777216 57
33554432 58
67108867 58
33554440 58
67108875 58
16777232 58
67108882 58
67108887 58
16777216 59
33554434 59
16777221 59
33554439 59
33554432 60
33554435 60
33554438 60
33554441 60
33554444 60
33554447 60
33554450 60
33554453 60
33554456 60
33554459 60
33554462 60
