0 0
16777217 0
100663332 1
150994987 1
117440575 1
67108864 1
134217799 1
150994997 1
150994959 1
167772185 1
150994949 1
83886160 1
50331648 2
50331652 2
50331656 2
33554444 2
67108879 2
150994964 2
67108894 2
50331683 2
16777216 3
33554432 4
33554435 4
33554438 4
33554441 4
67108876 4
67108881 4
67108886 4
67108891 4
67108896 4
117440549 4
134217773 4
134217782 4
150995007 4
150995017 4
117440595 4
50331739 4
67108959 4
167772260 4
167772271 4
167772282 4
167772293 4
167772304 4
167772315 4
167772326 4
167772337 4
167772348 4
134217927 4
150995152 4
150995162 4
150995172 4
150995182 4
134217976 4
117440769 4
134217993 4
150995218 4
150995228 4
150995238 4
150995248 4
117440826 4
83886402 4
83886408 4
67109198 4
50331987 4
117440855 4
134218079 4
134218088 4
134218097 4
67109242 4
83886463 4
83886469 4
83886475 4
83886481 4
83886487 4
150995357 4
167772583 4
167772594 4
201327037 4
167772618 4
167772629 4
167772640 4
83886571 4
117441009 4
117441017 4
117441025 4
67109385 4
167772686 4
167772697 4
201327140 4
167772721 4
167772732 4
167772743 4
167772754 4
150995549 4
150995559 4
134218353 4
150995578 4
150995588 4
150995598 4
50332312 4
67109532 4
117441185 4
67109545 4
83886766 4
83886772 4
83886778 4
134218432 4
167772873 4
150995668 4
150995678 4
83886824 4
67109614 4
83886835 4
83886841 4
83886847 4
83886853 4
33555211 4
33555214 4
33555217 4
33555220 4
33555223 4
83886874 4
33555232 4
50332451 4
67108864 5
33554437 5
33554440 5
50331659 5
50331663 5
67108883 5
67108888 5
67108893 5
50331682 5
67108902 5
117440555 5
83886131 5
50331705 5
67108925 5
16777216 6
50331648 7
100663300 7
50331659 7
83886095 7
83886101 7
50331675 7
83886111 7
33554469 7
100663336 7
67108911 7
100663348 7
83886139 7
117440577 7
83886153 7
67108943 7
67108948 7
100663385 7
67108960 7
100663397 7
50331756 7
83886192 7
83886198 7
50331772 7
67108992 7
83886213 7
83886219 7
150995089 7
150995099 7
150995109 7
117440687 7
83886263 7
184549565 7
201326793 7
150995158 7
134217952 7
134217961 7
201326834 7
150995199 7
117440777 7
134218001 7
100663578 7
167772449 7
50331948 7
83886384 7
67109174 7
134218043 7
100663620 7
67109195 7
67109200 7
50331989 7
83886425 7
67109215 7
100663652 7
50332011 7
67109231 7
100663668 7
33554811 7
100663678 7
83886469 7
67109259 7
117440912 7
67109272 7
117440925 7
117440933 7
134218157 7
100663734 7
83886525 7
83886531 7
83886537 7
83886543 7
100663765 7
67109340 7
100663777 7
50332136 7
117441004 7
67109364 7
50332153 7
83886589 7
117441027 7
67109387 7
134218256 7
117441049 7
117441057 7
67109417 7
83886638 7
67109428 7
117441081 7
67109441 7
16777216 8
67108866 8
50331655 8
16777227 8
67108877 8
50331666 8
16777238 8
67108888 8
50331677 8
16777249 8
16777251 8
16777253 8
16777255 8
16777257 8
16777259 8
16777216 9
67108864 10
50331653 10
67108873 10
83886094 10
83886100 10
67108890 10
117440543 10
134217767 10
100663344 10
83886135 10
83886141 10
134217795 10
117440588 10
117440596 10
83886172 10
83886080 12
50331654 12
83886090 12
67108880 12
83886101 12
83886107 12
134217761 12
67108906 12
50331695 12
67108915 12
100663352 12
134217791 12
100663368 12
83886159 12
184549461 12
50331745 12
50331749 12
83886185 12
67108975 12
67108980 12
83886201 12
50331775 12
100663427 12
100663434 12
50331793 12
67109013 12
83886234 12
67109024 12
50331813 12
83886249 12
100663471 12
100663478 12
67109053 12
83886274 12
50331848 12
50331852 12
67109072 12
83886293 12
50331867 12
50331871 12
83886307 12
100663529 12
83886320 12
100663542 12
100663549 12
67109124 12
67109129 12
67109134 12
83886355 12
50331929 12
150995229 12
100663591 12
50331950 12
117440818 12
67109178 12
67109183 12
83886404 12
100663626 12
218103808 13
50331648 14
50331652 14
67108872 14
134217741 14
201326614 14
134217763 14
67108908 14
83886129 14
83886135 14
83886602 15
83886456 15
150995431 15
167772840 15
50332002 15
117441297 15
33554747 15
134218157 15
167772420 15
218103922 15
285212879 15
218104079 15
117441054 15
100663296 15
83886873 15
134218013 15
33554584 15
218103902 15
285212700 15
184549458 15
167772824 15
50332107 15
100663759 15
83886776 15
134218584 15
50331942 15
83886954 15
117440880 15
117441342 15
50331704 15
83886649 15
117440737 15
352321721 15
117441334 15
67109555 15
100663913 15
67109663 15
184549951 15
33554485 15
67109428 15
150995182 15
100663342 15
268435853 15
301990016 15
234881438 15
335544327 15
234881406 15
184549624 15
67109633 15
67109169 15
67109566 15
100663623 15
67109381 15
100663594 15
134218373 15
167772934 15
100663806 15
100663643 15
117440991 15
67109174 15
83886676 15
134218593 15
67109504 15
50332413 15
33554766 15
67109369 15
167772789 15
117441392 15
117441009 15
134218046 15
100664034 15
100664041 15
150995790 15
234881626 15
83886188 15
117441350 15
150995598 15
67109097 15
83886518 15
134218315 15
67109201 15
201327344 15
134217888 15
167773048 15
134217897 15
150995302 15
67109539 15
134218541 15
67109019 15
234881747 15
201327302 15
67109011 15
251658306 15
67109206 15
33555139 15
67109488 15
83886608 15
134218198 15
117441046 15
134218532 15
83886140 15
67109414 15
100663474 15
134218283 15
67109318 15
150995388 15
16777216 16
33554432 18
83886083 18
83886089 18
117440527 18
100663319 18
67108894 18
83886115 18
134217769 18
83886130 18
67108920 18
100663357 18
134217796 18
83886157 18
50331731 18
83886167 18
16777216 19
16777218 19
67108868 19
16777225 19
16777227 19
83886093 19
83886099 19
16777241 19
67108891 19
67108896 19
67108901 19
100663338 19
167772160 20
167772171 20
67108886 20
33554459 20
134217758 20
67108903 20
33554476 20
83886127 20
201326645 20
134217794 20
150995019 20
33554517 20
100663384 20
134217823 20
117440616 20
134217840 20
16777216 21
16777218 21
16777220 21
16777222 21
16777224 21
16777226 21
16777216 23
16777216 24
33554432 25
33554435 25
33554438 25
33554441 25
33554444 25
33554447 25
33554450 25
16777237 25
33554455 25
33554458 25
33554461 25
33554464 25
33554467 25
33554470 25
33554473 25
16777216 26
16777216 27
67108864 28
83886085 28
134217739 28
83886100 28
50331674 28
83886110 28
83886116 28
50331690 28
100663342 28
33554485 28
16777216 29
16777216 30
50331648 31
16777216 33
16777218 33
33554432 34
50331651 34
50331655 34
33554443 34
33554432 35
33554435 35
117440512 36
134217736 36
134217745 36
83886080 37
134217734 37
50331663 37
50331667 37
150994967 37
134217761 37
218103850 37
218103864 37
218103878 37
167772244 37
201326687 37
201326700 37
234881145 37
150995080 37
251658386 37
167772322 37
184549549 37
167772345 37
218104004 37
218104018 37
167772384 37
184549611 37
201326839 37
184549636 37
167772432 37
268435739 37
201326892 37
234881337 37
134218056 37
184549713 37
201326941 37
184549738 37
234881398 37
167772549 37
301990288 37
301990307 37
184549814 37
234881474 37
251658705 37
184549857 37
150995437 37
150995447 37
184549889 37
150995469 37
134218263 37
150995488 37
167772714 37
134218293 37
167772734 37
134218313 37
134218322 37
184549979 37
201327207 37
83886708 37
184550010 37
67109510 37
167772811 37
218104470 37
268436132 37
67109557 37
67109562 37
167772863 37
218104522 37
234881752 37
201327335 37
150995700 37
67109630 37
117441283 37
134218507 37
167772948 37
117441311 37
184550183 37
50332467 37
150995767 37
100664129 37
117441352 37
218104656 37
218104670 37
117441388 37
167773044 37
67109759 37
117441412 37
167773068 37
67109783 37
150995868 37
218104742 37
234881972 37
234881987 37
134218706 37
184550363 37
234882023 37
184550390 37
184550402 37
150995982 37
167773208 37
201327651 37
150996016 37
201327674 37
167773255 37
201327698 37
150996063 37
150996073 37
201327731 37
184550528 37
184550540 37
251659416 37
184550568 37
234882228 37
218105027 37
218105041 37
251659487 37
83887343 37
184550645 37
218105089 37
167773455 37
150996250 37
134219044 37
50332973 37
268436785 37
117441858 37
67110218 37
167773519 37
234882394 37
117441897 37
67110257 37
67110262 37
218105211 37
251659657 37
201328025 37
234882470 37
167773621 37
184550848 37
234882508 37
167773659 37
301991398 37
268436985 37
268437002 37
184550939 37
201328167 37
218105396 37
268437058 37
184550995 37
150996575 37
83887721 37
83887727 37
184551029 37
301991553 37
201328276 37
117442209 37
218105513 37
83887799 37
201328317 37
134219466 37
117442259 37
100665051 37
50333410 37
50333414 37
50333418 37
234882798 37
218105597 37
184551179 37
150996759 37
234882849 37
234882864 37
251660095 37
285214543 37
167774049 37
150996844 37
184551286 37
134219650 37
201328523 37
167774104 37
268437411 37
268437428 37
117442501 37
184551373 37
201328601 37
234883046 37
150996981 37
184551423 37
50333707 37
117442575 37
150997015 37
100665377 37
134219816 37
167774257 37
100663328 38
100663296 38
218103815 38
167772181 38
16777216 40
67108864 41
67108869 41
67108874 41
67108879 41
67108884 41
50331648 42
50331652 42
50331656 42
67108876 42
67108881 42
67108886 42
50331675 42
100663331 43
167772202 43
218103861 43
167772227 43
218103820 43
134217754 43
268435534 43
184549376 43
134217728 44
150994953 44
134217728 45
83886089 45
218103823 45
134217757 45
184549414 45
184549426 45
201326654 45
134217803 45
134217812 45
167772253 45
167772264 45
167772275 45
184549502 45
117440650 45
100663442 45
117440665 45
100663296 46
167772167 46
218103826 46
167772192 46
100663296 47
16777216 48
50331648 50
100663310 51
218103808 51
117440512 52
150994952 52
117440530 52
117440538 52
100663296 53
587206992 54
553648748 54
553655498 54
637534528 54
251658499 54
721420720 54
754977384 54
989857310 54
385876921 54
721426314 54
1023413952 54
1006637055 54
771758896 54
1291846507 54
1241514961 54
822084636 54
973079657 54
738198692 54
805307671 54
838862219 54
570426814 54
654318313 54
754980554 54
805311525 54
704647973 54
587209335 54
553650051 54
738200886 54
805309864 54
687865856 54
855640458 54
721422792 54
838863407 54
1090523304 54
922749815 54
738197779 54
671091731 54
486546346 54
822086716 54
838863982 54
587205793 54
603984395 54
838865502 54
1258291889 54
1291846407 54
587207425 54
553648628 54
620757526 54
385876444 54
687871840 54
553651138 54
738201208 54
922750751 54
335548279 54
855639521 54
771757032 54
822088052 54
503323409 54
788534426 54
620760294 54
771755499 54
553652706 54
335549910 54
452989647 54
352326379 54
620761936 54
1140855670 54
738202555 54
889197934 54
738202846 54
721420429 54
1006638597 54
1023415874 54
553649397 54
671094520 54
838866995 54
587202919 54
872418017 54
855644681 54
754979376 54
520098479 54
704649224 54
754977575 54
922747083 54
788534912 54
771755916 54
771754674 54
754976483 54
671090362 54
855644262 54
402659934 54
285214552 54
150995709 54
436211365 54
822090744 54
822090845 54
822085780 54
822088971 54
1241518140 54
285213326 54
268436128 54
234888379 54
234888364 54
788530778 54
385877642 54
587203793 54
754976093 54
352321625 54
486546123 54
671093164 54
486539375 54
301990460 54
469762639 54
285216217 54
268439515 54
570431293 54
553654239 54
150996642 54
218105516 54
234882850 54
285212857 54
486541584 54
218106865 54
218106169 54
184551333 54
234883128 54
771754055 54
167774510 54
268437543 54
536875143 54
738202710 54
671094710 54
83888738 54
268442104 54
486541430 54
301992879 54
201329636 54
318770175 54
536877629 54
822089124 54
788531398 54
805311805 54
1023416708 54
218107148 54
234884293 54
285215956 54
134221082 54
352325010 54
184551217 54
352322389 54
301993251 54
1040193861 54
553651029 54
251660645 54
335546741 54
922753235 54
201331157 54
318772426 54
285216525 54
436211275 54
285216358 54
234884862 54
838868010 54
805309978 54
788536264 54
771751978 54
771755363 54
167776236 54
117444599 54
838865181 54
671091188 54
83890598 54
889199042 54
268437265 54
402655178 54
385877987 54
234883067 54
402655153 54
100667908 54
218108577 54
335545672 54
419432694 54
268437844 54
268438294 54
603980171 54
939530394 54
218108951 54
201328967 54
150997438 54
167777786 54
419436208 54
234886635 54
436208718 54
352327457 54
587209606 54
637541215 54
402655082 54
285215261 54
83892023 54
134219285 54
520097723 54
369104003 54
100669441 54
956307723 54
469769359 54
469764106 54
184551229 54
234882889 54
251662993 54
788535963 54
838865130 54
452987542 54
520097623 54
16777216 57
33554432 58
67108867 58
33554440 58
67108875 58
16777232 58
67108882 58
67108887 58
16777216 59
33554434 59
16777221 59
33554439 59
50331648 60
33554436 60
33554439 60
33554442 60
33554445 60
33554448 60
33554451 60
33554454 60
50331673 60
50331677 60
33554465 60
67108916 60
50331684 60
33554472 60
33554475 60
33554478 60
33554481 60
67108864 61
67108869 61
134217738 61
100663315 61
167772186 61
16777216 62
268435580 63
234881133 63
385877893 63
268437345 63
285213562 63
402655965 63
268437295 63
486541515 63
184550037 63
285215100 63
251659813 63
251659853 63
469762340 63
184551775 63
285214261 63
687865856 63
318769816 63
385878993 63
503316995 63
184549443 63
285213226 63
352321887 63
318770531 63
419431248 63
285212934 63
603982520 63
486539585 63
318767922 63
251661321 63
184552445 63
285213394 63
268438400 63
184551150 63
268435506 63
704646242 63
637536232 63
704646346 63
637536354 63
301990336 63
318769764 63
335545021 63
385877046 63
335544919 63
352321623 63
385877702 63
436208005 63
318770010 63
318768069 63
352322532 63
167773808 63
352322564 63
469763358 63
402655805 63
150997225 63
318768763 63
251658990 63
184550776 63
83886547 63
184550049 63
167773972 63
83886589 63
150997878 63
50331789 63
83886336 63
117440741 63
150996244 63
184552108 63
184549656 63
150995139 63
285213916 63
117440591 63
150995516 63
117440554 63
134219407 63
150995899 63
117441103 63
167773145 63
218104938 63
318769108 63
335546445 63
117441322 63
150995782 63
251658613 63
285216119 63
251658672 63
251658656 63
218107303 63
251661705 63
218107289 63
117442152 63
201327065 63
218105230 63
201327931 63
117441394 63
218104303 63
285213833 63
301991340 63
117441058 63
134219531 63
134219970 63
335544940 63
251659607 63
285214388 63
150995962 63
218106454 63
251658925 63
251659998 63
167773361 63
385878850 63
285214640 63
335547458 63
184552502 63
167774982 63
268438300 63
117443529 63
318767879 63
268438866 63
268438834 63
134220845 63
234884419 63
134218310 63
134219677 63
117442378 63
301991585 63
117443438 63
318767745 63
117442006 63
201328063 63
251659354 63
167774993 63
167775021 63
251659751 63
318768642 63
285213609 63
301991113 63
452985882 63
285215242 63
150995862 63
1006636173 63
939526164 63
1006636277 63
939526281 63
251659676 63
285214658 63
251660608 63
268437807 63
234883529 63
234883470 63
234883408 63
218106145 63
251660561 63
218106269 63
218106115 63
251660729 63
268437867 63
218106283 63
150996902 63
167775319 63
167773789 63
150996507 63
268436600 63
234881819 63
234884026 63
150996356 63
134220788 63
134218214 63
134218656 63
83887687 63
134219416 63
134219558 63
385876173 63
301990125 63
352321681 63
268437242 63
452984999 63
234883620 63
150998051 63
150997918 63
620758254 63
150997493 63
167774719 63
184552186 63
268436839 63
100665596 63
150996800 63
251660936 63
234882376 63
352322715 63
67110422 63
134218494 63
117441386 63
150995852 63
184550478 63
201327804 63
134219230 63
167773687 63
67110927 63
100665119 63
234882898 63
301991794 63
150998041 63
134220019 63
251660760 63
201329128 63
117443100 63
150997555 63
251660920 63
50334454 63
150995684 63
150997816 63
201329553 63
167775144 63
150996428 63
100666291 63
167775209 63
201327463 64
100664160 64
150994951 64
100663296 64
167772937 64
117441340 64
134218583 64
117441197 64
100663938 64
167772921 64
50332279 64
100663931 64
83886929 64
117441114 64
67109708 64
184550074 64
67109676 64
100663883 64
167772977 64
100663967 64
100663974 64
117441348 64
83886799 64
50332456 64
67109530 64
167772900 64
117441170 64
134218306 64
100664090 64
100664097 64
234881749 64
150995695 64
67109437 64
83886690 64
134218438 64
67109636 64
83886868 64
134218377 64
67109557 64
67109490 64
150995560 64
117440558 64
117440545 64
67109150 64
83886382 64
117440849 64
218104345 64
83886142 64
83886400 64
150995414 64
167772711 64
67108980 64
67109196 64
100663670 64
100663609 64
134218145 64
83886162 64
67109215 64
83886425 64
100663364 64
184549781 64
100663371 64
150995370 64
150995308 64
67109172 64
83886544 64
134217835 64
67109432 64
100663753 64
285212910 64
184549578 64
167772292 64
251658496 64
184549590 64
117440948 64
184549602 64
117440956 64
167772281 64
150995113 64
184549566 64
184549519 64
218103963 64
167772339 64
150995216 64
184549769 64
117440566 64
117440537 64
184549876 64
67109316 64
117441106 64
184549901 64
134217816 64
117440868 64
150995041 64
150995434 64
100663677 64
117440529 64
50331930 64
150995424 64
67109161 64
83886406 64
83886371 64
201327104 64
83886642 64
67109252 64
67108905 64
33554490 65
117440614 65
117440622 65
33554435 65
117440547 65
117440650 65
117440555 65
117440518 65
117440666 65
100663391 65
100663347 65
100663414 65
117440674 65
201326717 65
33554432 65
117440526 65
117440658 65
117440573 65
117440687 65
201326614 65
33554511 65
67109034 65
33554501 65
100663368 65
201326674 65
